version https://git-lfs.github.com/spec/v1
oid sha256:dc40ce091473366f2f8553c2e591e30d0cb5ae4df925d4857a80cdb7c6882576
size 223078
